1606490773938 0.7163544855898515 0
1606490774011 1.1928565793779735 0
1606490774088 1.590957569749626 0
1606490774177 1.981657800416432 0
1606490774313 2.329107254984472 0
1606490774426 2.6844636059958513 0
1606490774562 3.018479052360732 0
1606490774712 3.3693800499615656 0
1606490774857 3.701715680803442 0
1606490775060 4.050467182399047 0
1606490775231 4.35910101792304 0
1606490775420 4.686717221933574 0
1606490775626 4.980756320720862 0
1606490775808 5.280529738805403 0
1606490776008 5.598438481646414 0
1606490776282 5.90002372464227 0
1606490776600 6.2122020013232815 0
1606490776847 6.527097717310009 0
