1606490773936 36.6411199302774 0
1606490774009 60.178264906319605 0
1606490774086 82.21463150631921 0
1606490774175 101.8380258958624 0
1606490774310 120.66214869630842 0
1606490774424 139.2693692372755 0
1606490774559 157.66768964353787 0
1606490774710 175.8929661643569 0
1606490774854 194.64893630735523 0
1606490775059 213.15807709801996 0
1606490775229 231.36064517746948 0
1606490775418 249.52298980480398 0
1606490775625 267.79631825467095 0
1606490775806 286.16061085309127 0
1606490776006 304.2145513364583 0
1606490776280 322.25832658972064 0
1606490776598 339.9402212976262 0
1606490776844 357.618047244676 0
