1606490773934 4.534761668977001 0
1606490774007 7.568547384607932 0
1606490774083 10.271361076535525 0
1606490774174 12.74406250799884 0
1606490774307 15.152144211898493 0
1606490774422 17.536316764409566 0
1606490774557 19.88189497173561 0
1606490774708 22.221593317108663 0
1606490774851 24.597768103675858 0
1606490775057 26.944424122502593 0
1606490775228 29.270550815203435 0
1606490775416 31.581100484393616 0
1606490775623 33.900781916722266 0
1606490775804 36.227968395922595 0
1606490776005 38.53205881138729 0
1606490776277 40.82448098644101 0
1606490776597 43.11191409210579 0
1606490776842 45.39248144158343 0
