1606490773935 2 0
1606490773937 2 0
1606490773939 2 0
1606490774008 3 0
1606490774010 3 0
1606490774013 3 0
1606490774084 4 0
1606490774087 4 0
1606490774089 4 0
1606490774174 5 0
1606490774176 5 0
1606490774178 5 0
1606490774309 6 0
1606490774311 6 0
1606490774313 6 0
1606490774423 7 0
1606490774425 7 0
1606490774427 7 0
1606490774558 8 0
1606490774561 8 0
1606490774563 8 0
1606490774709 9 0
1606490774711 9 0
1606490774713 9 0
1606490774853 10 0
1606490774855 10 0
1606490774858 10 0
1606490775058 11 0
1606490775059 11 0
1606490775061 11 0
1606490775229 12 0
1606490775230 12 0
1606490775232 12 0
1606490775417 13 0
1606490775419 13 0
1606490775421 13 0
1606490775624 14 0
1606490775625 14 0
1606490775627 14 0
1606490775805 15 0
1606490775807 15 0
1606490775808 15 0
1606490776005 16 0
1606490776007 16 0
1606490776009 16 0
1606490776278 17 0
1606490776281 17 0
1606490776283 17 0
1606490776598 18 0
1606490776599 18 0
1606490776601 18 0
1606490776843 19 0
1606490776845 19 0
1606490776848 19 0
