1606492308274 0.7163544855898515 0
1606492308312 0.7152869223180726 0
1606492308360 0.6963151352161457 0
1606492308413 0.7088917446167311 0
1606492308473 0.6777257546374448 0
1606492308538 0.6880859588663041 0
1606492308626 0.6695733971143625 0
1606492308723 0.6862875589742485 0
1606492308839 0.6692736358380335 0
1606492308965 0.6852711089413727 0
1606492309084 0.6461727673905795 0
1606492309240 0.6629316669276931 0
1606492309404 0.628804614639687 0
1606492309562 0.6318238394659329 0
1606492309738 0.647941851516346 0
1606492309917 0.6309051536809398 0
1606492310108 0.6399573724944716 0
1606492310308 0.6418537160563741 0
1606492310537 0.6051046657586239 0
1606492310816 0.5224083855840584 0
1606492311179 0.6341680891173292 0
1606492311523 0.5809320831946172 0
1606492311791 0.5981871035596703 0
1606492312068 0.5471514196482203 0
1606492312344 0.5547138552695201 0
1606492312623 0.5580331434649801 0
1606492312860 0.5545354106665928 0
1606492313155 0.500605954837311 0
1606492313430 0.4575121436469182 0
1606492313684 0.43325241711159757 0
1606492313955 0.4153532218753297 0
1606492314331 0.4089066036803896 0
1606492314679 0.3529882481396451 0
1606492314969 0.2715289510285249 0
1606492315342 0.38892905881251827 0
1606492315692 0.3592709288685398 0
1606492316136 0.4650378701748147 0
1606492316495 0.44416870519859586 0
1606492316852 0.47070634033731584 0
1606492317282 0.42832025746106506 0
1606492317714 0.4221424597211501 0
1606492318094 0.25119137525280094 0
1606492318445 0.4388331010633836 0
1606492318807 0.43400742642016604 0
1606492319174 0.4263476359795167 0
1606492319556 0.381145884927483 0
1606492319932 0.3851411761444676 0
1606492320325 0.1659188601142998 0
1606492320766 0.17570057861460023 0
1606492321160 0.15057773761630527 0
1606492321567 0.1579258325399952 0
1606492322028 0.22047353220166696 0
1606492322464 0.22750201448484025 0
1606492322906 0.14545527535432695 0
1606492323345 0.15608173742778933 0
1606492323821 0.24390405321285202 0
1606492324307 0.2410761464350562 0
1606492324778 0.28221861429554584 0
1606492325235 0.2642429244572202 0
1606492325725 0.2719710509274747 0
1606492326207 -0.022805795410172407 0
1606492326695 -0.046913005877827485 0
1606492327201 -0.03507597671578253 0
1606492327693 -0.1318341928026513 0
1606492328231 -0.14211896397805182 0
1606492328763 -0.12889510204264812 0
1606492329302 -0.08764725885782287 0
1606492329906 -0.08645198642672253 0
1606492330572 -0.17655171659431487 0
1606492331333 -0.1748065747727168 0
1606492331993 0.03759589246581344 0
1606492332576 0.03940495535343823 0
1606492333157 0.03246593324617098 0
1606492333754 0.03162119846534253 0
1606492334339 -0.2434862976970178 0
1606492334936 -0.235352445973866 0
1606492335555 -0.3878034097581341 0
1606492336209 -0.3751203942726203 0
1606492336878 -0.36281601871590535 0
1606492337570 -0.14489718393346293 0
1606492338341 -0.14299719937597571 0
1606492339112 -0.23088314941679422 0
1606492339896 -0.2206782175214111 0
1606492340671 -0.2109363734104923 0
1606492341478 0.01878465365783669 0
1606492342329 0.02430335352044644 0
1606492343129 0.0032673456409337666 0
1606492343981 0.01252368798780853 0
1606492344831 0.012880144194934755 0
1606492345655 -0.02211213399898927 0
1606492346539 -0.027275626988362684 0
1606492347437 -0.021566758528995183 0
1606492348330 -0.03385899682989316 0
1606492349231 -0.05300455027956414 0
1606492350346 -0.04999366329531461 0
1606492351498 -0.04338689972356834 0
1606492352565 -1.8981241372844527e+29 0
1606492353591 -1.8789511662007713e+29 0
1606492354581 -1.8601616545387636e+29 0
