1606492308270 4.534761668977001 0
1606492308308 4.545372938623264 0
1606492308356 4.5949505380795745 0
1606492308409 4.52697364677042 0
1606492308470 4.532092121899461 0
1606492308535 4.548764582782286 0
1606492308622 4.537617802877238 0
1606492308719 4.5487977866770075 0
1606492308835 4.598334118278065 0
1606492308961 4.582816755524534 0
1606492309080 4.571495369576055 0
1606492309235 4.562130501128909 0
1606492309400 4.575474324071047 0
1606492309557 4.587238606981821 0
1606492309734 4.568338440209845 0
1606492309913 4.559013869841202 0
1606492310103 4.555459827133731 0
1606492310305 4.549615459588452 0
1606492310532 4.54439171079593 0
1606492310811 4.5424813704495035 0
1606492311169 4.544400248809294 0
1606492311518 4.556963422969004 0
1606492311788 4.579648155536058 0
1606492312065 4.584589055703655 0
1606492312340 4.5892649118636015 0
1606492312619 4.573463345466733 0
1606492312857 4.5564341639711365 0
1606492313150 4.533252264198395 0
1606492313427 4.5755735346178 0
1606492313681 4.583498991781974 0
1606492313952 4.553962047500085 0
1606492314328 4.581356136534874 0
1606492314676 4.590484636329506 0
1606492314964 4.594884833095188 0
1606492315338 4.605797419902443 0
1606492315688 4.6014270574180065 0
1606492316132 4.5948641769151735 0
1606492316491 4.588443087729823 0
1606492316848 4.584883910201658 0
1606492317278 4.546833037524438 0
1606492317712 4.634309720447188 0
1606492318091 4.580601872758164 0
1606492318442 4.582683915384031 0
1606492318804 4.53819856873806 0
1606492319172 4.59531780032205 0
1606492319553 4.560041196081873 0
1606492319930 4.601180419062554 0
1606492320321 4.582488203500962 0
1606492320763 4.602904706888577 0
1606492321156 4.596702654922487 0
1606492321563 4.603835433225538 0
1606492322024 4.593825386120097 0
1606492322461 4.607376455731115 0
1606492322903 4.589363639175446 0
1606492323342 4.602444711498379 0
1606492323818 4.554903541207922 0
1606492324304 4.604195431799123 0
1606492324775 4.525837300360734 0
1606492325232 4.567780255704878 0
1606492325721 4.586392118961487 0
1606492326204 4.536171162900909 0
1606492326692 4.573671855301953 0
1606492327198 4.585244739316955 0
1606492327691 4.538251882097467 0
1606492328228 4.581753041039503 0
1606492328756 4.603308803858821 0
1606492329299 4.549153713578072 0
1606492329903 4.556717264020113 0
1606492330569 4.601507908064479 0
1606492331328 4.605052817584234 0
1606492331989 4.533748102897856 0
1606492332574 4.53849002166017 0
1606492333153 4.580861208530989 0
1606492333750 4.585842825327243 0
1606492334336 4.539417230482186 0
1606492334933 4.53697423472364 0
1606492335552 4.586475246899491 0
1606492336205 4.5935292531992244 0
1606492336874 4.594121049240594 0
1606492337566 4.536424384005951 0
1606492338337 4.5410368783227835 0
1606492339109 4.587092469713823 0
1606492339892 4.584439753477885 0
1606492340667 4.587812866058471 0
1606492341475 4.54917542239003 0
1606492342326 4.532139592189598 0
1606492343126 4.578544816336807 0
1606492343977 4.576881295618767 0
1606492344828 4.578891857558569 0
1606492345652 4.542102563070065 0
1606492346536 4.542762934630045 0
1606492347434 4.529259195206577 0
1606492348325 4.554634505295656 0
1606492349228 4.566147380142934 0
1606492350342 4.565050650465313 0
1606492351492 4.563661278541615 0
1606492352561 4.54544020641729 0
1606492353588 4.544740673606799 0
1606492354576 4.530993904880986 0
