1606492308273 36.6411199302774 0
1606492308310 35.750851619468 0
1606492308358 37.080932826579506 0
1606492308411 36.066320690807046 0
1606492308471 35.79712711642309 0
1606492308537 35.84467035472539 0
1606492308624 35.806991560921816 0
1606492308721 35.743908703434364 0
1606492308837 36.34526675943401 0
1606492308963 36.204498636788 0
1606492309082 35.965741170951084 0
1606492309237 35.9593173332936 0
1606492309402 36.096399150210075 0
1606492309560 36.21738048206502 0
1606492309736 35.93897866168525 0
1606492309915 35.93874886128929 0
1606492310106 35.58513507400115 0
1606492310306 35.569416541661624 0
1606492310534 35.45226394390902 0
1606492310814 35.39830906397923 0
1606492311175 35.44580337853771 0
1606492311520 35.63447122327196 0
1606492311789 36.41810474909003 0
1606492312066 36.55645037013822 0
1606492312342 36.638790039821636 0
1606492312621 36.387026037918474 0
1606492312858 35.96000399632117 0
1606492313152 35.390209115543435 0
1606492313428 36.34890600120354 0
1606492313682 36.679516649940076 0
1606492313954 35.663264704296566 0
1606492314330 36.51959386444326 0
1606492314678 36.80902026231098 0
1606492314967 36.91263347462466 0
1606492315340 36.852666526701086 0
1606492315690 36.70257248972172 0
1606492316134 36.60210940527173 0
1606492316493 36.583911090303175 0
1606492316850 36.41296141939612 0
1606492317280 35.55164018187714 0
1606492317713 37.951337245813775 0
1606492318093 36.5231784338065 0
1606492318443 36.39628747745217 0
1606492318805 35.46166486289701 0
1606492319173 36.84418391298963 0
1606492319554 35.95725577706208 0
1606492319931 36.7178425356998 0
1606492320323 36.40365210469651 0
1606492320764 36.57527752781958 0
1606492321158 36.77680071652654 0
1606492321565 36.77805699045103 0
1606492322026 36.66069257260308 0
1606492322462 36.73510232044394 0
1606492322905 36.338093320733776 0
1606492323343 36.44211825821978 0
1606492323820 35.53922799551604 0
1606492324306 36.807698702903416 0
1606492324777 35.22524629522924 0
1606492325233 36.178084641740426 0
1606492325723 36.33247739547223 0
1606492326206 35.423250590908395 0
1606492326694 36.35739527306904 0
1606492327200 36.45188871163346 0
1606492327692 35.43962094133581 0
1606492328229 36.41998262158121 0
1606492328759 36.59935238530906 0
1606492329301 35.64966003401902 0
1606492329905 35.72769558014815 0
1606492330571 36.84381908548069 0
1606492331331 36.831484477618616 0
1606492331991 35.22472025726769 0
1606492332575 35.27422092244653 0
1606492333155 36.40654777563516 0
1606492333752 36.411911468168725 0
1606492334337 35.41795409961553 0
1606492334935 35.30909874778174 0
1606492335554 36.55372215504614 0
1606492336207 36.59664069193924 0
1606492336876 36.52626660014187 0
1606492337568 35.40626242432421 0
1606492338339 35.472456355613105 0
1606492339110 36.60950125809915 0
1606492339894 36.53712714340724 0
1606492340669 36.49368997252652 0
1606492341477 35.5521892810226 0
1606492342328 35.32150958777794 0
1606492343128 36.36010152339477 0
1606492343979 36.28185193631985 0
1606492344829 36.28791695277849 0
1606492345653 35.481083453393964 0
1606492346537 35.41013113458924 0
1606492347435 35.21501826733856 0
1606492348327 35.77319587750967 0
1606492349230 35.993502073097424 0
1606492350344 35.954580968582455 0
1606492351494 35.84699318183776 0
1606492352563 35.598189452229164 0
1606492353589 35.52436518504602 0
1606492354579 35.327642272268776 0
