1606492308272 2 0
1606492308273 2 0
1606492308275 2 0
1606492308309 3 0
1606492308311 3 0
1606492308313 3 0
1606492308357 4 0
1606492308359 4 0
1606492308361 4 0
1606492308410 5 0
1606492308412 5 0
1606492308414 5 0
1606492308471 6 0
1606492308472 6 0
1606492308473 6 0
1606492308536 7 0
1606492308538 7 0
1606492308539 7 0
1606492308623 8 0
1606492308625 8 0
1606492308627 8 0
1606492308720 9 0
1606492308722 9 0
1606492308724 9 0
1606492308836 10 0
1606492308838 10 0
1606492308841 10 0
1606492308962 11 0
1606492308964 11 0
1606492308966 11 0
1606492309081 12 0
1606492309083 12 0
1606492309085 12 0
1606492309236 13 0
1606492309239 13 0
1606492309242 13 0
1606492309401 14 0
1606492309403 14 0
1606492309406 14 0
1606492309559 15 0
1606492309561 15 0
1606492309563 15 0
1606492309735 16 0
1606492309737 16 0
1606492309739 16 0
1606492309914 17 0
1606492309916 17 0
1606492309918 17 0
1606492310105 18 0
1606492310107 18 0
1606492310109 18 0
1606492310306 19 0
1606492310307 19 0
1606492310309 19 0
1606492310533 20 0
1606492310536 20 0
1606492310538 20 0
1606492310812 21 0
1606492310815 21 0
1606492310817 21 0
1606492311172 22 0
1606492311177 22 0
1606492311181 22 0
1606492311519 23 0
1606492311522 23 0
1606492311524 23 0
1606492311789 24 0
1606492311790 24 0
1606492311792 24 0
1606492312065 25 0
1606492312067 25 0
1606492312069 25 0
1606492312341 26 0
1606492312343 26 0
1606492312345 26 0
1606492312620 27 0
1606492312622 27 0
1606492312624 27 0
1606492312858 28 0
1606492312859 28 0
1606492312860 28 0
1606492313151 29 0
1606492313154 29 0
1606492313156 29 0
1606492313428 30 0
1606492313429 30 0
1606492313430 30 0
1606492313682 31 0
1606492313683 31 0
1606492313684 31 0
1606492313953 32 0
1606492313955 32 0
1606492313956 32 0
1606492314329 33 0
1606492314330 33 0
1606492314332 33 0
1606492314677 34 0
1606492314679 34 0
1606492314680 34 0
1606492314965 35 0
1606492314968 35 0
1606492314970 35 0
1606492315339 36 0
1606492315341 36 0
1606492315343 36 0
1606492315689 37 0
1606492315691 37 0
1606492315693 37 0
1606492316133 38 0
1606492316135 38 0
1606492316137 38 0
1606492316492 39 0
1606492316494 39 0
1606492316496 39 0
1606492316849 40 0
1606492316851 40 0
1606492316853 40 0
1606492317280 41 0
1606492317281 41 0
1606492317283 41 0
1606492317712 42 0
1606492317714 42 0
1606492317715 42 0
1606492318092 43 0
1606492318093 43 0
1606492318095 43 0
1606492318443 44 0
1606492318444 44 0
1606492318446 44 0
1606492318804 45 0
1606492318806 45 0
1606492318807 45 0
1606492319172 46 0
1606492319174 46 0
1606492319175 46 0
1606492319554 47 0
1606492319555 47 0
1606492319556 47 0
1606492319930 48 0
1606492319932 48 0
1606492319933 48 0
1606492320322 49 0
1606492320325 49 0
1606492320326 49 0
1606492320764 50 0
1606492320765 50 0
1606492320766 50 0
1606492321157 51 0
1606492321159 51 0
1606492321160 51 0
1606492321564 52 0
1606492321566 52 0
1606492321567 52 0
1606492322025 53 0
1606492322027 53 0
1606492322029 53 0
1606492322462 54 0
1606492322463 54 0
1606492322465 54 0
1606492322904 55 0
1606492322905 55 0
1606492322907 55 0
1606492323343 56 0
1606492323344 56 0
1606492323345 56 0
1606492323819 57 0
1606492323820 57 0
1606492323822 57 0
1606492324305 58 0
1606492324306 58 0
1606492324308 58 0
1606492324776 59 0
1606492324778 59 0
1606492324779 59 0
1606492325233 60 0
1606492325234 60 0
1606492325236 60 0
1606492325722 61 0
1606492325724 61 0
1606492325726 61 0
1606492326205 62 0
1606492326206 62 0
1606492326207 62 0
1606492326693 63 0
1606492326694 63 0
1606492326696 63 0
1606492327199 64 0
1606492327200 64 0
1606492327202 64 0
1606492327691 65 0
1606492327693 65 0
1606492327694 65 0
1606492328229 66 0
1606492328230 66 0
1606492328231 66 0
1606492328757 67 0
1606492328761 67 0
1606492328765 67 0
1606492329300 68 0
1606492329301 68 0
1606492329303 68 0
1606492329904 69 0
1606492329905 69 0
1606492329907 69 0
1606492330570 70 0
1606492330572 70 0
1606492330573 70 0
1606492331329 71 0
1606492331332 71 0
1606492331334 71 0
1606492331990 72 0
1606492331992 72 0
1606492331994 72 0
1606492332574 73 0
1606492332576 73 0
1606492332577 73 0
1606492333154 74 0
1606492333156 74 0
1606492333157 74 0
1606492333751 75 0
1606492333753 75 0
1606492333755 75 0
1606492334337 76 0
1606492334338 76 0
1606492334340 76 0
1606492334934 77 0
1606492334935 77 0
1606492334937 77 0
1606492335553 78 0
1606492335554 78 0
1606492335556 78 0
1606492336206 79 0
1606492336208 79 0
1606492336210 79 0
1606492336875 80 0
1606492336877 80 0
1606492336878 80 0
1606492337567 81 0
1606492337569 81 0
1606492337571 81 0
1606492338338 82 0
1606492338340 82 0
1606492338342 82 0
1606492339110 83 0
1606492339111 83 0
1606492339113 83 0
1606492339893 84 0
1606492339895 84 0
1606492339897 84 0
1606492340668 85 0
1606492340670 85 0
1606492340672 85 0
1606492341476 86 0
1606492341477 86 0
1606492341479 86 0
1606492342327 87 0
1606492342328 87 0
1606492342330 87 0
1606492343127 88 0
1606492343128 88 0
1606492343130 88 0
1606492343978 89 0
1606492343980 89 0
1606492343981 89 0
1606492344828 90 0
1606492344830 90 0
1606492344832 90 0
1606492345652 91 0
1606492345654 91 0
1606492345656 91 0
1606492346537 92 0
1606492346538 92 0
1606492346540 92 0
1606492347434 93 0
1606492347436 93 0
1606492347438 93 0
1606492348326 94 0
1606492348329 94 0
1606492348331 94 0
1606492349229 95 0
1606492349231 95 0
1606492349232 95 0
1606492350343 96 0
1606492350345 96 0
1606492350347 96 0
1606492351493 97 0
1606492351495 97 0
1606492351500 97 0
1606492352562 98 0
1606492352564 98 0
1606492352567 98 0
1606492353588 99 0
1606492353590 99 0
1606492353592 99 0
1606492354577 100 0
1606492354580 100 0
1606492354582 100 0
